['func', [0, 3, 1]]
['Square', [5, 10, 1]]
['a', [13, 13, 1]]
['return', [20, 25, 2]]
['a', [27, 27, 2]]
['a', [29, 29, 3]]
['func', [34, 37, 5]]
['main', [39, 42, 5]]
['Var', [52, 54, 6]]
['a2', [56, 57, 6]]
['var', [67, 69, 7]]
['b3', [71, 72, 7]]
['var', [85, 87, 8]]
['cCaA4', [89, 93, 8]]
['null', [97, 100, 9]]
['var', [106, 108, 9]]
['BB5', [110, 112, 9]]
['abc', [117, 119, 9]]
['var', [126, 128, 10]]
['S6', [130, 131, 10]]
['abc', [136, 138, 10]]
['var', [145, 147, 11]]
['fA', [149, 150, 11]]
['false', [154, 158, 12]]
['if', [165, 166, 13]]
['a', [168, 168, 13]]
['b', [172, 172, 13]]
['c', [176, 176, 13]]
['null', [181, 184, 13]]
['for', [196, 198, 14]]
['i', [200, 200, 14]]
['b', [207, 207, 14]]
['a', [226, 226, 15]]
['Square', [258, 263, 19]]
['a', [265, 265, 19]]
