['func', [0, 3, 1]]
['main', [5, 8, 1]]
['print', [18, 22, 2]]
['var', [31, 33, 3]]
['a', [35, 35, 3]]
['read', [39, 42, 3]]
['var', [51, 53, 4]]
['MiIdentificador', [56, 70, 4]]
['var', [81, 83, 5]]
['mi', [85, 86, 5]]
['segun1do', [88, 95, 5]]
['identificador', [97, 109, 5]]
['var', [120, 122, 6]]
['a1', [124, 125, 6]]
['true', [129, 132, 7]]
['var', [138, 140, 7]]
['en1tero', [143, 149, 7]]
['var', [161, 163, 8]]
['flotante', [166, 173, 8]]
['var', [186, 188, 9]]
['b3ooleano', [190, 198, 9]]
['true', [202, 205, 10]]
['var', [211, 213, 10]]
['nu2lo', [216, 220, 10]]
['null', [224, 227, 11]]
['return', [234, 239, 12]]
